INSERTION SORT -

40K - [904, 1090, 248, 230, 232, 233, 235, 231, 232, 230, 233, 230, 231, 229, 229, 232, 234, 236, 228, 230, 231, 232, 231, 231, 229, 232, 231, 
232, 232, 232, 230, 232, 230, 229, 232, 232, 230, 232, 239, 232, 230, 232, 231, 231, 231, 230, 232, 231, 230, 233, 231, 230, 230, 231, 231, 231, 244, 231, 234, 231, 233, 232, 231, 230, 232, 238, 239, 254, 250, 258, 247, 230, 231, 231, 232, 230, 231, 234, 242, 236, 247, 247, 251, 246, 239, 229, 230, 234, 232, 229, 229, 232, 229, 232, 229, 232, 233, 231, 231, 232]

80K - [4039, 3566, 931, 927, 927, 921, 933, 931, 928, 923, 933, 933, 944, 931, 987, 935, 926, 960, 929, 928, 924, 926, 931, 933, 923, 924, 920, 925, 937, 923, 925, 932, 924, 935, 931, 923, 926, 925, 934, 937, 926, 925, 928, 927, 955, 924, 934, 930, 923, 938, 927, 926, 927, 930, 925, 941, 924, 920, 926, 923, 942, 930, 934, 924, 924, 927, 938, 927, 929, 933, 925, 943, 930, 928, 924, 928, 963, 930, 1037, 929, 923, 930, 933, 929, 929, 929, 965, 992, 942, 924, 924, 924, 934, 930, 934, 928, 924, 932, 938, 931]


160K - [16135, 14282, 3762, 3766, 3757, 3762, 3791, 3780, 3754, 3791, 3773, 3781, 3767, 3777, 3798, 3781, 3761, 3774, 3799, 3775, 3800, 3778, 3795, 3781, 3760, 3798, 3792, 3777, 3760, 3808, 3775, 3770, 3766, 3768, 3790, 3793, 3768, 3784, 3775, 3764, 3772, 3777, 3777, 3764, 3759, 3768, 3784, 3766, 3776, 3767, 3765, 3783, 3757, 3775, 3761, 3763, 3780, 3770, 3917, 3779, 3771, 3761, 3764, 3754, 3773, 3757, 3758, 3757, 
3765, 3751, 3760, 3772, 3770, 3753, 3761, 3763, 3771, 3765, 3772, 3765, 3761, 3755, 3778, 3764, 3782, 3749, 3774, 3778, 3767, 3768, 3797, 3773, 3774, 3782, 3794, 3774, 3757, 3756, 3762, 3777]


320K - [72214, 56990, 15269, 15236, 15266, 15263, 15256, 15257, 15234, 15291, 15259, 15294, 15262, 15237, 15259, 15263, 15302, 15253, 15250, 15242, 15445, 15220, 15263, 15361, 15579, 15335, 15233, 15250, 15764, 16031, 15348, 15271, 15241, 15266, 15279, 15216, 15261, 15257, 15257, 15258, 15285, 15368, 15281, 15269, 15268, 15253, 15259, 15241, 15244, 15368, 15221, 
15253, 15210, 15252, 15245, 15286, 15227, 15232, 15242, 15257, 15244, 15264, 15218, 15273, 15268, 15211, 15213, 15250, 15240, 15307, 15211, 15230, 15222, 15245, 15250, 15268, 15241, 15244, 15257, 15240, 15275, 15248, 15264, 15208, 15238, 15223, 15233, 15252, 15275, 15227, 15244, 15244, 15248, 15234, 15249, 15275, 15265, 15223, 15247, 15212]


640K - [288595, 231910, 63749, 63400, 63469, 63204, 63762, 63550, 63397, 63299, 63499, 63439, 63290, 63340, 63143, 63222, 63367, 63384, 63336, 63565, 63165, 63453, 63251, 63250, 63188, 63161, 63394, 63226, 63219, 63409, 63543, 63328, 63358, 63338, 63223, 63687, 63512, 63183, 63562, 63637, 63791, 63589, 63414, 63281, 63363, 63474, 63433, 63275, 63451, 63456, 63543, 64400, 63389, 63233, 63687, 63286, 63171, 63206, 63148, 63263, 63451, 63382, 63236, 63683, 63378, 63365, 63208, 63366, 63378, 63311, 63308, 63472, 63549, 63518, 63294, 63333, 63184, 63133, 63329, 63247, 63462, 63445, 63386, 63397, 63455, 63232, 63334, 63297, 63288, 63306, 63193, 63295, 63697, 63313, 63421, 63355, 63375, 63585, 63189, 64270]


1280KK - [693419, 555811, 151999, 152116, 152248, 151994, 154243, 152328, 152308, 152250]


2560KK - [4661308, 3729615, 1106297, 1092154, 1095612, 1101156, 1095132, 1094075, 1066830, 1068488]